# Created by Octave 4.0.2, Sun Aug 27 01:23:39 2017 IST <ss@sayan-ThinkPad-E420>
# name: pos
# type: matrix
# rows: 10
# columns: 19
 0.1076665710103246 -0.09491510888603033 0.1643685642928941 0.1223449921937114 -0.09514253765269234 0.6739184487941444 0.6165385959514287 0.2295308895716894 -0.70183892425261 0.3948178760067902 -0.2504263707867493 0.01456068459937131 0.2926930117504796 0.1473122171430294 0.1057745301175722 0.4197698171221683 -0.09723542424893969 -0.2419746180377277 -0.08880280930056844
 0.13010061421614 0.2021359157753936 0.5269111705633834 0.3139785188383227 0.3532824458921986 0.7614302286933713 0.7916472138524284 0.2754724968170409 0.878187100642523 0.6579931790911528 0.4941187282584796 0.3727091807394936 0.4102105895570903 0.1166586118208902 0.4255751685807407 0.4896445983292015 0.2264074106475263 0.683290160333631 0.2627364641186667
 -0.01276421016885535 0.07330203945280647 0.5896444336522633 0.2290120166189563 0.1507724563564356 0.6179184309593291 0.3809680286922829 0.1537665258376646 0.4250922243764663 0.3704586976325948 0.3102516847409483 0.251586550090225 0.2896260457276268 -0.004917563879823387 0.2766715581697987 0.5296258277434938 0.1989648788540687 0.1441687151222595 0.01328411210719661
 0.07206989589526926 0.002020373847476621 0.009830010921638278 0.1156226537779461 0.01838831359525626 -0.179110098313209 -0.1314902324111337 0.0196850282620984 -0.006111972644689787 -0.1810539657165403 -0.08465522187517159 -0.01580030683859952 -0.1239655179799232 0.05349873299712471 0.01757016031616768 -0.08004642142427033 0.03062658453860263 0.04730302718670869 0.01005842484811762
 -0.06912880649714889 0.214349544765122 0.5539107652946821 0.209159247370979 0.3892436496280107 0.7890534152480408 0.8138980218697374 0.264484650725688 0.4239779368472225 0.6743282504321588 -0.1381288096894185 0.292531100638759 0.2862300048863418 0.1357539708594127 0.5266538909403934 0.4520963173553945 -0.1551726123702995 0.7193703070018688 0.2690207672683855
 0.06675631777242305 0.2938884074792485 0.1123845515192028 0.2150963111634936 0.5135198019688145 0.3284493174512076 0.4661911413550454 0.2152419835422828 0.6901018069121468 0.4617297923461652 0.2847856000987029 0.2184777230909571 0.2540721804597342 0.1459175478412871 0.4800575707805056 0.3311454036065964 0.1980678749815988 0.8284666849464618 0.2667371649440328
 -0.1192898209441565 0.146273058674497 0.4848597960139162 0.3597406249522965 0.5835472702088241 0.4881148577057038 0.5505977170964228 0.3699414701413996 0.6017354970197653 0.01877531343713947 0.1371651000976316 0.3698682013797251 0.5071404279106708 0.2824667221657753 0.4117087901579861 0.7034319847345083 0.1301489214115082 0.8204162052475963 0.4910834385770617
 0.1229351497964154 0.2833921705110537 0.4920693298776803 0.4830196807418908 0.6235245535436242 0.8040918794667781 0.7746396918131293 0.42688833441175 0.7532693660858887 0.5151768537636032 0.4952479570544043 0.5076488132237859 0.5616510325884461 0.2825644941488044 0.5639610272814104 0.6250974031894233 0.2780445600432835 0.9233333310153191 0.3028876850621004
 -0.2144189492231562 -0.2130706757941877 0.03328694909249248 -0.1254236086594762 -0.3610418792705424 -0.08883129842928322 0.3581397556954645 -0.232237856226882 0.5540344168863918 0.231795155259734 0.1137654138792934 0.7693064277578419 -0.2959552751435567 -0.1706295432041501 -0.0642156971924962 -0.3404944453289917 -0.01902273568332604 -0.780750913776021 -0.04906231471335765
 0.002967145655588408 0.06236633429898565 0.08393706376593348 0.365285971314225 0.4901324412392655 0.5407573211853344 0.5361196667700412 0.02799742357624642 -0.09949585962020956 -0.120546565451617 0.1013783101809207 -0.00810985179317468 0.2859174658892752 0.1690457435254246 0.2319995187212333 0.01236226791869701 -0.06928408402913473 0.5445552751402135 0.333104385849644


