# Created by Octave 4.0.2, Sun Aug 27 01:59:26 2017 IST <ss@sayan-ThinkPad-E420>
# name: final_movie_ids
# type: matrix
# rows: 1
# columns: 9
 428 283 285 31 233 142 267 323 219


