# Created by Octave 4.0.2, Sun Aug 27 02:04:18 2017 IST <ss@sayan-ThinkPad-E420>
# name: cluster_of_movie
# type: scalar struct
# ndims: 2
 1 1
# length: 10
# name: 8
# type: matrix
# rows: 1
# columns: 250
 1 3 5 6 7 10 11 13 14 16 17 18 19 21 22 24 25 26 28 29 30 31 32 33 34 35 38 39 40 44 45 46 48 49 50 51 54 55 59 65 69 75 76 77 80 81 85 87 88 90 93 94 96 97 99 101 102 103 106 112 114 123 124 125 127 129 130 131 134 136 138 139 141 142 143 144 145 150 151 152 155 156 157 158 160 162 163 164 167 169 171 172 175 182 183 185 188 190 196 197 198 199 202 203 204 205 206 208 209 210 212 213 214 219 220 221 222 225 226 233 234 235 237 238 239 241 244 245 246 250 251 252 253 254 255 259 261 263 264 267 268 269 270 272 275 276 277 278 279 281 282 283 285 286 288 289 292 293 295 300 303 305 307 308 310 311 313 314 315 316 318 319 322 323 326 327 328 329 331 332 333 337 338 342 345 346 349 353 355 362 363 366 367 368 372 373 374 377 379 381 390 391 392 393 396 401 402 404 407 414 415 420 423 424 426 428 440 443 445 448 449 453 454 455 456 461 462 467 468 469 470 471 473 475 476 477 479 480 482 483 484 486 488 493 494 495 496 497 499 500


# name: 5
# type: matrix
# rows: 1
# columns: 78
 2 6 7 11 13 16 17 21 25 29 32 33 38 40 42 46 49 50 59 77 88 94 97 101 123 125 130 141 145 150 185 197 198 212 226 233 234 239 245 253 263 264 267 269 275 276 281 283 285 286 295 299 315 319 322 323 329 333 345 384 392 407 408 423 428 439 448 450 455 456 462 473 475 484 486 488 495 499


# name: 2
# type: matrix
# rows: 1
# columns: 173
 1 2 3 5 6 7 8 9 10 11 13 16 17 19 20 21 22 23 24 25 29 32 33 35 38 40 44 46 47 49 59 65 66 67 70 74 81 83 84 88 93 94 97 98 101 102 117 120 122 123 125 126 127 130 131 133 138 141 142 143 145 148 150 153 159 160 164 165 171 175 181 184 185 191 194 196 197 198 199 200 204 208 209 210 219 223 226 228 230 233 234 235 239 243 245 249 250 253 254 259 260 263 264 267 269 275 282 283 284 285 286 289 294 295 299 303 304 305 306 308 310 311 315 317 319 322 323 326 327 329 330 332 333 335 342 343 345 371 373 374 380 382 384 385 391 392 395 404 407 415 420 423 428 439 442 445 448 455 456 463 467 471 473 484 485 486 488 492 494 495 496 497 499


# name: 7
# type: matrix
# rows: 1
# columns: 99
 1 5 6 16 17 21 25 28 29 32 33 35 38 44 46 49 50 55 68 69 75 77 92 93 94 98 101 102 106 114 127 129 130 139 141 142 143 145 156 169 172 175 183 190 197 204 205 208 209 219 220 233 238 245 253 254 259 264 267 269 275 276 278 285 289 292 303 308 314 315 322 323 328 329 335 342 345 379 381 391 398 407 420 423 424 426 440 449 455 456 462 473 475 479 486 488 493 497 499


# name: 6
# type: matrix
# rows: 1
# columns: 132
 1 2 3 6 7 11 12 16 17 18 21 25 26 28 29 31 32 35 38 40 46 49 50 55 56 59 62 65 66 69 71 75 80 81 87 90 97 99 101 102 106 112 123 130 134 136 142 143 144 146 148 149 155 160 172 180 188 193 196 197 204 205 208 219 226 233 234 235 238 239 240 245 253 254 259 264 267 269 275 276 278 281 285 286 293 295 303 305 308 310 311 321 322 323 327 329 332 335 341 342 345 363 370 391 392 396 404 407 420 423 424 426 428 430 433 439 442 443 445 448 449 461 467 471 473 475 484 486 493 495 496 499


# name: 3
# type: matrix
# rows: 1
# columns: 43
 1 11 16 24 25 33 35 38 44 49 59 101 130 135 145 153 208 219 233 260 264 277 283 285 295 314 322 323 329 342 374 390 404 407 424 428 441 456 473 475 484 499 500


# name: 1
# type: matrix
# rows: 1
# columns: 18
 5 11 49 76 101 130 167 219 261 283 285 315 322 353 407 445 449 479


# name: 10
# type: matrix
# rows: 1
# columns: 38
 1 17 29 32 35 38 46 49 65 66 87 102 125 155 191 204 208 219 233 245 259 264 267 268 281 285 303 322 359 428 431 455 456 470 471 486 495 499


# name: 4
# type: matrix
# rows: 1
# columns: 9
 31 142 219 233 267 283 285 323 428


# name: 9
# type: matrix
# rows: 1
# columns: 2
 47 326




